735 851
227 42
667 80
291 939
783 777
523 726
220 402
302 788
961 45
562 385
365 862
302 630
146 895
725 915
717 703
357 879
672 416
978 280
804 266
506 569
140 298
653 348
231 417
410 395
224 676
351 382
573 418
526 865
551 53
298 729
451 539
279 761
617 853
92 899
150 56
905 23
537 467
518 368
288 315
164 242
677 624
241 127
277 100
491 560
348 516
669 755
322 723
630 893
543 170
523 543
331 320
565 282
680 706
723 124
348 194
947 295
331 631
331 489
716 640
255 234
897 292
586 524
327 458
833 682
195 117
194 705
365 980
496 157
605 408
331 325
715 590
913 284
458 695
112 768
995 436
711 269
3 516
414 648
569 896
203 515
612 119
130 671
414 42
734 656
526 490
105 297
660 97
915 557
119 355
749 162
667 388
616 588
442 256
218 568
600 679
939 309
281 151
73 737
313 844
561 608
289 316
323 519
872 290
655 355
666 779
959 267
502 754
512 780
712 26
224 24
75 309
676 908
240 992
428 840
94 483
359 841
852 425
358 824
766 18
577 960
62 305
984 563
511 127
318 658
53 762
687 906
58 277
361 897
948 294
950 336
346 354
48 456
302 734
40 248
482 430
537 276
73 781
69 419
784 642
783 336
12 696
700 144
773 11
537 511
267 153
979 769
852 382
320 500
424 667
713 899
591 338
732 30
444 300
54 315
761 38
862 544
414 941
679 390
792 724
699 460
248 873
228 337
399 390
814 386
460 802
278 263
94 556
896 420
399 817
728 672
470 684
836 490
462 136
864 452
429 913
292 186
618 340
471 199
673 628
491 368
545 326
480 296
668 138
334 201
742 673
359 833
783 790
311 12
340 110
185 368
89 574
792 607
102 445
593 497
198 336
92 298
920 393
315 83
930 419
398 221
321 302
753 250
744 434
641 654
127 716
546 166
553 635
709 273
749 384
696 408
107 590
842 386
769 665
331 412
248 16
517 396
700 169
859 228
639 114
346 311
782 326
958 383
689 127
656 339
228 790
794 29
956 530
661 730
558 593
673 510
679 275
279 934
834 597
524 65
19 276
332 170
85 715
389 307
758 919
878 578
276 596
135 490
766 918
616 183
601 835
282 863
714 942
950 781
358 193
645 134
774 571
722 471
819 261
633 702
271 640
32 434
638 681
302 393
319 626
701 755
746 811
175 751
671 471
984 771
339 899
757 251
524 46
945 215
103 587
736 856
967 566
685 422
769 531
393 423
153 352
870 669
233 254
688 453
238 914
373 903
640 894
274 256
289 807
339 798
870 259
996 285
377 697
582 322
791 945
842 739
338 8
846 389
524 785
453 574
170 351
993 330
576 654
314 524
94 270
415 142
364 608
878 550
286 830
703 18
741 156
794 217
533 14
373 901
104 251
425 938
851 309
506 950
67 490
997 337
987 298
514 734
232 386
124 202
574 530
251 907
990 213
279 46
326 191
832 292
942 783
290 771
974 618
476 831
22 397
221 235
856 625
129 496
785 986
402 632
482 138
979 513
878 738
128 340
224 230
324 958
277 502
571 538
239 359
542 560
959 278
371 835
976 371
588 193
464 197
538 244
316 495
237 104
248 382
274 724
905 612
761 536
8 272
811 326
662 50
106 610
645 920
801 333
918 558
367 164
755 877
861 305
487 106
392 276
662 354
836 281
878 285
424 842
8 559
251 426
601 212
393 466
563 278
620 86
842 465
672 580
146 412
178 473
776 679
641 151
635 498
954 246
47 418
892 284
825 325
159 404
334 194
319 955
947 295
862 290
794 192
532 839
964 692
655 948
548 181
634 109
237 197
522 209
889 365
757 184
210 755
449 815
76 759
881 449
780 833
440 194
261 712
439 490
120 308
199 522
367 798
701 239
266 647
979 721
933 387
405 241
283 960
119 731
892 680
295 369
314 477
198 325
364 509
111 238
89 305
434 619
800 646
182 757
344 756
796 707
527 845
865 676
248 193
425 95
893 769
954 678
364 920
341 802
648 363
694 572
398 129
901 281
747 499
822 304
368 812
948 701
66 635
86 767
321 285
826 881
754 501
672 314
246 121
668 209
488 992
866 422
325 62
375 989
216 158
253 565
643 477
240 656
603 551
714 408
549 895
110 444
414 934
293 120
862 391
978 351
953 797
699 871
875 463
768 645
514 888
248 137
408 888
482 801
864 383
87 713
808 721
539 173
587 642
995 515
214 122
474 780
150 588
191 236
87 294
406 899
302 508
996 298
877 412
367 185
314 321
377 194
617 785
507 850
524 600
875 297
189 368
989 288
509 822
460 134
925 336
789 38
823 662
283 276
932 798
630 399
814 748
842 402
4 746
761 172
334 470
17 560
808 465
29 627
410 840
384 786
355 853
887 259
934 348
71 534
729 654
130 363
274 694
389 290
204 781
466 267
481 745
625 114
305 596
395 888
773 984
740 593
249 942
41 325
156 395
501 261
580 291
974 294
660 817
208 633
382 824
233 162
666 837
139 539
466 755
340 723
736 407
790 29
561 320
58 530
682 495
349 816
424 913
542 748
508 480
367 232
411 960
386 393
502 514
581 587
958 270
231 580
725 433
809 292
464 11
126 361
790 238
674 320
385 620
243 61
14 879
457 615
380 232
536 310
252 264
303 6
361 814
465 811
652 622
209 619
196 623
139 329
35 238
537 409
370 640
333 950
742 970
56 788
305 316
14 401
799 190
9 330
537 429
728 711
439 663
685 924
355 390
239 913
800 517
683 154
254 848
297 439
292 361
16 498
279 10
619 610
814 625
805 684
261 112
557 764
798 924
798 724
246 187
138 278
862 906
77 399
457 399
107 800
613 691
363 716
451 603
472 621
531 846
323 402
422 999
966 392
185 745
837 612
732 886
919 275
490 743
231 69
102 781
738 884
917 723
486 698
951 591
2 656
924 406
571 94
740 607
742 898
722 592
829 770
420 958
673 572
121 642
881 279
843 593
508 254
350 882
848 527
168 586
269 511
208 13
667 429
828 406
550 66
157 257
254 838
264 908
771 720
139 673
794 895
343 305
421 306
697 251
881 264
643 579
502 806
342 445
897 783
751 375
952 712
41 449
140 395
892 427
40 707
737 381
976 424
392 246
279 228
480 646
997 312
569 207
411 785
595 616
268 287
426 160
750 746
538 717
920 709
113 411
397 769
518 13
454 644
784 879
92 360
395 839
139 300
656 696
496 92
320 924
551 105
840 415
208 576
760 356
256 589
634 377
250 730
770 188
219 479
325 415
426 383
98 321
763 367
328 877
794 863
473 820
775 423
96 517
797 719
512 464
369 713
772 543
781 940
714 830
413 462
265 872
218 632
466 661
621 298
48 327
333 890
213 918
591 544
831 480
855 252
66 715
300 557
259 758
602 509
351 907
269 374
766 228
760 250
513 358
223 336
350 13
294 422
863 667
530 962
173 349
153 223
352 764
247 919
452 729
549 901
212 355
986 248
902 637
350 3
237 555
650 295
50 248
248 314
580 451
818 385
920 290
369 521
295 462
745 998
730 422
770 895
560 284
262 698
819 273
739 794
633 353
21 580
866 218
146 784
8 342
639 365
244 884
816 514
230 574
517 668
628 665
181 364
955 440
470 420
723 576
122 571
990 391
476 289
792 532
92 715
462 713
126 631
797 660
766 333
802 445
130 328
350 124
112 432
143 713
118 343
18 515
441 897
698 90
158 616
884 731
820 537
454 9
25 583
136 684
231 920
152 316
958 395
753 169
785 562
904 734
474 548
646 823
223 450
491 109
133 789
497 249
344 116
880 599
285 909
195 684
284 249
430 762
126 796
949 707
310 444
62 336
549 213
62 644
217 661
435 642
724 900
272 204
261 210
994 704
434 83
55 366
975 594
139 232
961 287
807 351
460 138
29 201
981 431
525 211
272 257
945 423
531 822
109 649
970 283
872 353
841 453
545 933
241 476
715 592
354 9
782 698
605 243
27 509
34 224
609 724
639 213
431 284
649 850
912 266
743 335
145 745
724 781
705 303
456 77
259 90
325 874
597 136
843 712
676 482
288 400
278 475
904 326
634 89
506 610
537 601
254 198
746 937
486 26
952 794
283 907
178 536
996 500
226 515
435 280
959 756
319 389
170 755
243 296
984 397
675 765
527 691
621 918
619 934
863 401
297 929
102 710
258 638
251 293
591 874
613 309
343 917
644 628
579 295
14 449
239 879
402 864
458 914
648 698
166 221
356 498
500 196
763 85
601 72
912 601
312 458
46 700
55 354
308 293
686 591
778 810
234 782
263 504
57 316
408 871
411 921
963 380
887 277
324 744
972 643
910 322
889 367
674 737
175 515
324 191
760 106
298 194
523 230
823 481
477 355
150 254
253 236
406 201
52 359
530 352
880 554
962 380
972 345
487 901
185 550
798 446
767 482
169 797
147 308
129 330
100 725
899 629
990 327
778 809
782 835
926 210
814 656
451 50
253 151
321 814
780 822
811 524
576 923
487 774
586 32
231 123
285 29
885 137
282 814
467 540